wavelength:(1,2,3,4,5,6,7,8,9,10)
(0,1) (1,2,3,4,5,6,7,8,9,10)
(0,3) (1,2,3,4,5,6,7,8,9,10)
(0,4) (1,2,3,4,5,6,7,8,9,10)
(0,7) (1,2,3,4,5,6,7,8,9,10)
(1,2) (1,2,3,4,5,6,7,8,9,10)
(2,3) (1,2,3,4,5,6,7,8,9,10)
(3,4) (1,2,3,4,5,6,7,8,9,10)
(3,5) (1,2,3,4,5,6,7,8,9,10)
(5,6) (1,2,3,4,5,6,7,8,9,10)
(5,14) (1,2,3,4,5,6,7,8,9,10)
(6,7) (1,2,3,4,5,6,7,8,9,10)
(7,8) (1,2,3,4,5,6,7,8,9,10)
(8,12) (1,2,3,4,5,6,7,8,9,10)
(9,10) (1,2,3,4,5,6,7,8,9,10)
(9,11) (1,2,3,4,5,6,7,8,9,10)
(10,17) (1,2,3,4,5,6,7,8,9,10)
(11,12) (1,2,3,4,5,6,7,8,9,10)
(12,13) (1,2,3,4,5,6,7,8,9,10)
(13,14) (1,2,3,4,5,6,7,8,9,10)
(14,15) (1,2,3,4,5,6,7,8,9,10)
(15,16) (1,2,3,4,5,6,7,8,9,10)
(16,17) (1,2,3,4,5,6,7,8,9,10)

hop:2
bandwidth:300
requests:
(0,8) 10
(0,4) 17
(1,11) 12
(3,8) 21
(3,11) 34
(4,10) 10
(5,17) 25
(10,4) 10
