wavelength:(1,2,3,4,5,6,7,8,9,10)
(0,1) (1,2,3,4,6,7)
(1,2) (1,2,3,4,5,6,7)
(1,3) (1,2,3,4,6,7)
(1,4) (2,3,5,6,7)
(1,5) (1,2,3,4,5,6,7,8,9,10)
(1,6) (1,2,3,4,5,6,7,8,9,10)
(1,7) (1,2,3,4,5,6,7,8,9,10)
(1,12) (1,2,3,4,5,6,7,8,9,10)
(1,13) (1,2,3,4,5,6,7,8,9,10)
(12,13) (1,2,3,4,5,6,7,8,9,10)
(1,17) (1,2,3,4,5,6,7,8,9,10)
(2,14) (1,2,3,4,5,6,7,8,9,10)
(2,15) (1,2,3,4,5,6,7,8,9,10)
(2,16) (1,2,3,4,5,6,7,8,9,10)
(14,16) (1,2,3,4,5,6,7,8,9,10)
(15,16) (1,2,3,4,5,6,7,8,9,10)
(6,32) (1,2,3,4,5,6,7,8,9,10)
(6,33) (1,2,3,4,5,6,7,8,9,10)
(6,34) (1,2,4,5,6,7,8,9,10)
(6,35) (1,2,3,4,5,6,7,8,10)
(34,35) (1,2,4,5,6,7,8,9,10)
(32,33) (1,2,3,4,5,6,8,9,10)
(7,28) (1,2,3,4,5,6,7,8,9,10)
(7,31) (1,2,3,4,5,6,7,8,9,10)
(8,18) (1,2,3,4,8,9,10)
(8,19) (1,2,3,4,5,6,7,8,9,10)
(18,19) (1,2,3,4,5,6,7,8,9,10)
(8,20) (1,2,3,4,5,6,7,8,9,10)
(8,21) (1,2,3,4,5,6,7,8,9,10)
(9,29) (1,2,3,4,5,6,7,8,9,10)
(9,30) (1,2,3,4,5,6,7,8,9,10)
(10,26) (1,2,3,4,5,9,10)
(10,27) (1,2,3,4,5,6,7,8,9,10)
(11,22) (1,2,3,4,5,6,7,8,9,10)
(11,23) (1,2,3,4,5,6,10)
(22,23) (1,2,3,8,9,10)
(11,24) (1,2,3,4,5,6,7,8,9,10)
(11,25) (1,2,6,7,8,9,10)
(24,25) (1,2,3,4,5,6,7,8,9,10)
(6,8) (1,2,3,4,5,6,7,8,9,10)
(7,9) (1,2,3,4,5,6,7,8,9,10)
(8,9) (1,2,3,4,5,6,7,9)
(9,11) (1,2,3,4,5,6,7,8,9)
(7,10) (2,3,4,5,6,7)
(10,11) (1,2,3,4,5,6,7,8)

hop:2
bandwidth:500
requests:
(0,8) 10
(1,11) 18
(0,4) 15
(2,18) 20
(3,8) 15
(3,11) 10
(4,10) 10
(5,15) 20
(6,30) 15
(30,32) 15
