wavelength:(1,2,3,4,5,6,7,8,9,10)
(0,1) (1,2,3,4,5,6,7,8,9,10)
(0,2) (1,2,3,4,5,6,7,9,10)
(0,3) (1,2,3,4,5,6,7,8,9,10)
(0,8) (2,3,4,5,6,7,8,9,10)
(1,2) (1,2,3,4,5,6,7,8,10)
(1,6) (1,2,5,6,7,8,9,10)
(1,7) (1,2,3,4,5,6,7,8,9)
(1,9) (1,2,3,4,5,6,7,8,9,10)
(2,3) (1,2,3,5,6,7,8,9,10)
(2,4) (1,2,3,4,6,7,8,9)
(2,7) (2,3,4,5,6,7,8,9)
(3,4) (1,2,3,4,5,6,7,8,9)
(3,8) (2,3,4,5,6,7,8,9,10)
(3,9) (1,2,3,4,5,6,7,8,9,10)
(4,5) (1,2,3,4,5,7,8,9,10)
(4,6) (1,2,3,4,5,6,7,8,9,10)
(5,6) (1,2,3,4,6,7,8,9,10)
(5,8) (1,2,3,4,5,6,7,9,10)
(5,9) (3,4,5,6,7,8,9,10)
(5,10) (1,2,3,4,5,6,7,8,10)
(6,7) (1,2,3,5,6,7,8,9,10)
(6,10) (1,2,3,4,5,6,7,8,9,10)
(7,10) (1,3,4,5,6,7,8,9,10)
(8,9) (1,2,3,4,5,6,7,8,9,10)
(9,10) (1,2,3,4,5,6,7,8,9,10)

hop:2
bandwidth:300
requests:
(0,10) 50
(1,5) 25
(1,10) 18
(3,8) 15
(3,7) 30
(4,10) 10
(5,2) 20
(4,6) 50