wavelength:(1,2,3,4,5,6,7,8,9,10)
(0,1) (1,2,3,4,5,6,7,8,9,10)
(0,3) (1,2,3,4,5,6,7,8,9,10)
(0,13) (1,2,3,4,5,6,7,8,9,10)
(1,2) (1,2,3,4,5,6,7,8,9,10)
(1,4) (1,2,3,4,5,6,7,8,9,10)
(1,14) (1,2,3,4,5,6,7,8,9,10)
(1,15) (1,2,3,4,5,6,7,8,9,10)
(2,6) (1,2,3,4,5,6,7,8,9,10)
(2,16) (1,2,3,4,5,6,7,8,9,10)
(3,5) (1,2,3,4,5,6,7,8,9,10)
(3,17) (1,2,3,4,5,6,7,8,9,10)
(3,18) (1,2,3,4,5,6,7,8,9,10)
(4,5) (1,2,3,4,5,6,7,8,9,10)
(4,7) (1,2,3,4,5,6,7,8,9,10)
(4,20) (1,2,3,4,5,6,7,8,9,10)
(4,21) (1,2,3,4,5,6,7,8,9,10)
(5,6) (1,2,3,4,5,6,7,8,9,10)
(5,19) (1,2,3,4,5,6,7,8,9,10)
(6,10) (1,2,3,4,5,6,7,8,9,10)
(6,22) (1,2,3,4,5,6,7,8,9,10)
(7,11) (1,2,3,4,5,6,7,8,9,10)
(7,27) (1,2,3,4,5,6,7,8,9,10)
(7,28) (1,2,3,4,5,6,7,8,9,10)
(8,9) (1,2,3,4,5,6,7,8,9,10)
(8,11) (1,2,3,4,5,6,7,8,9,10)
(8,24) (1,2,3,4,5,6,7,8,9,10)
(8,25) (1,2,3,4,5,6,7,8,9,10)
(8,26) (1,2,3,4,5,6,7,8,9,10)
(9,10) (1,2,3,4,5,6,7,8,9,10)
(10,12) (1,2,3,4,5,6,7,8,9,10)
(10,23) (1,2,3,4,5,6,7,8,9,10)
(11,12) (1,2,3,4,5,6,7,8,9,10)
(11,29) (1,2,3,4,5,6,7,8,9,10)
(11,30) (1,2,3,4,5,6,7,8,9,10)
(12,31) (1,2,3,4,5,6,7,8,9,10)

hop:2
bandwidth:500
requests:
(0,8) 10
(0,4) 15
(1,10) 19
(1,11) 18
(3,8) 15
(3,11) 10
(4,10) 10
(2,31) 16
(8,12) 15
(5,31) 20
