wavelength:(1,2,3,4,5,6,7,8,9,10)
(0,1) (1,2,3,4,5,6,7,8,9,10)
(0,2) (1,2,3,4,5,6,7,9,10)
(1,2) (1,2,3,4,5,6,7,8,9,10)
(1,3) (1,2,3,4,5,6,7,8,9,10)
(1,4) (1,2,3,4,5,6,7,8,9,10)
(2,5) (1,2,3,4,5,6,7,8,9,10)
(3,4) (1,2,3,4,5,6,7,8,10)
(3,7) (1,2,3,4,5,6,8,9,10)
(3,8) (1,2,3,4,6,7,8,9,10)
(4,5) (1,2,3,4,5,6,7,8,9,10)
(4,9) (1,2,3,4,5,6,7,8,9,10)
(4,13) (1,2,3,4,5,6,7,8,9,10)
(4,14) (1,2,3,4,5,6,7,8,9)
(5,14) (1,2,3,4,5,6,7,8,9,10)
(6,7) (1,2,3,4,5,6,7,8,9,10)
(6,10) (1,2,3,4,5,6,7,8,9,10)
(7,8) (2,3,4,5,6,7,8,9,10)
(7,11) (1,2,3,4,5,6,7,8,9,10)
(7,12) (1,2,3,4,5,6,7,8,9,10)
(8,9) (1,2,3,4,5,6,7,8,9,10)
(8,12) (1,2,3,4,5,6,7,8,9,10)
(8,13) (1,2,3,4,5,6,7,8,9,10)
(10,12) (2,3,4,5,6,7,8,9,10)
(11,12) (1,2,3,6,7,8,9,10)
(12,13) (1,2,3,4,5,6,7,8,9,10)
(12,14) (1,2,3,4,5,6,9,10)
(12,16) (1,2,3,4,5,6,7,8,9,10)
(13,14) (1,2,3,4,5,6,7,8,9,10)
(13,15) (1,2,3,4,5,6,7,8,9,10)
(14,17) (1,2,3,6,7,8,9,10)
(15,16) (1,2,3,4,5,6,7,8,9,10)
(15,17) (1,2,3,4,5,6,7,8,9,10)
(16,17) (1,2,3,4,5,6,7,8,9,10)

hop:3
bandwidth:300
requests:
(0,11) 10
(1,17) 14
(1,10) 20
(2,6) 40
(5,8) 27
(13,6) 45
(5,16) 20
(11,17) 34