wavelength:(1,2,3,4,5,6,7,8,9,10)
(0,1) (1,2,3,4,5,6,7,8,9,10)
(0,2) (1,2,3,4,5,6,7,9,10)
(1,2) (1,2,3,4,5,6,7,8,9,10)
(1,6) (1,2,3,4,5,6,7,8,9,10)
(1,7) (1,2,3,4,5,6,7,8,9,10)
(2,3) (1,2,3,4,5,6,7,8,9,10)
(3,5) (1,2,3,4,5,6,7,8,9,10)
(3,7) (1,2,3,4,5,6,7,8,9,10)
(3,10) (1,2,3,4,5,6,7,8,9,10)
(4,5) (1,2,3,4,5,6,7,8,9,10)
(4,8) (1,2,3,4,5,6,7,8,9,10)
(5,9) (1,2,3,4,5,6,7,8,9,10)
(6,7) (1,2,3,4,5,6,7,8,9,10)
(6,13) (1,2,3,4,5,6,7,8,9,10)
(7,8) (1,2,3,4,5,6,7,8,9,10)
(7,11) (1,2,3,4,5,6,7,8,9,10)
(7,12) (1,2,3,4,5,6,7,8,9,10)
(7,13) (1,2,3,4,5,6,7,8,9,10)
(8,9) (1,2,3,4,5,6,7,8,9,10)
(9,10) (1,2,3,4,5,6,7,8,9,10)
(9,12) (1,2,3,4,5,6,7,8,9,10)
(10,20) (1,2,3,4,5,6,7,8,9,10)
(11,12) (1,2,3,4,5,6,7,8,9,10)
(11,14) (1,2,3,4,5,6,7,8,9,10)
(12,19) (1,2,3,4,5,6,7,8,9,10)
(12,20) (1,2,3,4,5,6,7,8,9,10)
(13,19) (1,2,3,4,5,6,7,8,9,10)
(13,20) (1,2,3,4,5,6,7,8,9,10)
(14,15) (1,2,3,4,5,6,7,8,9,10)
(14,16) (1,2,3,4,5,6,7,8,9,10)
(14,17) (1,2,3,4,5,6,7,8,9,10)
(14,20) (1,2,3,4,5,6,7,8,9,10)
(15,16) (1,2,3,4,5,6,7,8,9,10)
(15,20) (1,2,3,4,5,6,7,8,9,10)
(17,18) (1,2,3,4,5,6,7,8,9,10)
(17,19) (1,2,3,4,5,6,7,8,9,10)
(18,19) (1,2,3,4,5,6,7,8,9,10)
(18,20) (1,2,3,4,5,6,7,8,9,10)
(19,20) (1,2,3,4,5,6,7,8,9,10)

hop:2
bandwidth:300
requests:
(0,7) 50
(0,19) 25
(1,14) 36
(1,16) 45
(3,7) 23
(3,9) 54
(4,10) 65
(5,20) 87
(6,13) 50
(7,16) 43